,time,event
0,72.3336465560942,45
