,time,event
0,84.89616836256376,64
