,time,event
0,171.19555787117324,90
