,time,event
0,191.51659630163297,17
