,time,event
0,198.60898156731645,54
