,time,event
0,355.01510934186075,76
