,time,event0,event1,event2
0,0,0.79078746,3.4059946537017822,-0.7403725981712341
1,1,-0.9770461,3.4059946537017822,-0.7403725981712341
2,2,0.66885954,3.4059946537017822,-0.7403725981712341
3,3,0.7949752,3.4059946537017822,-0.7403725981712341
4,4,-0.4557992,3.4059946537017822,-0.7403725981712341
5,5,-0.99079335,3.4059946537017822,-0.7403725981712341
6,6,-0.7650202,3.4059946537017822,-0.7403725981712341
7,7,-0.83364224,3.4059946537017822,-0.7403725981712341
8,8,0.34011915,3.4059946537017822,-0.7403725981712341
9,9,-0.5960476,3.4059946537017822,-0.7403725981712341
